0 GALILEO-PFM
1 37846U 11060A   16247.95831081 -.00000021  00000-0  00000+0 0  9994
2 37846  55.6103  79.7398 0002214   8.4860 351.5822  1.70474060 30321
0 GALILEO-FM2
1 37847U 11060B   16246.11993841 -.00000020  00000-0  00000+0 0  9994
2 37847  55.6100  79.7901 0002425 323.5313  29.6924  1.70474362 30294
0 GALILEO-FM3
1 38857U 12055A   16247.41659667 -.00000005  00000-0  00000+0 0  9993
2 38857  54.9286 199.9780 0004454 242.7502 117.1592  1.70473857 24249
0 GALILEO-FM4
1 38858U 12055B   16249.11077772  .00000005  00000-0  00000+0 0  9993
2 38858  54.9290 199.9297 0003396 244.4543 115.4757  1.70473964 24227
0 GALILEO 5 (261)
1 40128U 14050A   16247.84723367 -.00000073  00000-0  00000+0 0  9995
2 40128  50.1368  56.6983 1599506  53.5585 320.1942  1.85519151 13969
0 GALILEO 6 (262)
1 40129U 14050B   16247.57682608 -.00000074  00000-0  00000+0 0  9999
2 40129  50.1927  55.6956 1600086  54.6334 319.3340  1.85519825 14152
0 GALILEO 7 (263)
1 40544U 15017A   16246.56974453 -.00000021  00000-0  00000+0 0  9996
2 40544  55.3995  80.1095 0001955 199.8164 160.2417  1.70475070  8927
0 GALILEO 8 (264)
1 40545U 15017B   16246.35308282 -.00000021  00000-0  00000+0 0  9995
2 40545  55.4044  80.1269 0002947 136.3539 223.7412  1.70475500  8929
0 GALILEO 9 (205)
1 40889U 15045A   16247.76275316 -.00000061  00000-0  00000+0 0  9998
2 40889  57.2076 319.9199 0001651 307.5723  52.4846  1.70475160  6094
0 GALILEO 10 (206)
1 40890U 15045B   16246.22300101 -.00000062 +00000-0 +00000-0 0  9993
2 40890 057.2078 319.9591 0001578 249.1074 110.9459 01.70475147006097
0 GALILEO 12 (269)
1 41174U 15079A   16247.56952045 -.00000004  00000-0  00000+0 0  9999
2 41174  54.9409 199.6579 0005895 281.9870  77.9028  1.70473368  4431
0 GALILEO 11 (268)
1 41175U 15079B   16248.37603414  .00000001  00000-0  00000+0 0  9999
2 41175  54.9389 199.6372 0004958 279.9195  79.9854  1.70473415  4450
0 GALILEO 14 (26B)
1 41549U 16030A   16247.32120157 -.00000060  00000-0  00000+0 0  9990
2 41549  57.3466 319.6465 0003835 256.8784 103.1509  1.70474966  1733
0 GALILEO 13 (26A)
1 41550U 16030B   16246.44129536 -.00000061  00000-0  00000+0 0  9995
2 41550  57.3470 319.6727 0004285 233.1272 126.9046  1.70474955  1716
