0 STARLETTE
1 07646U 75010A   16248.52024370 -.00000134  00000-0  77711-5 0  9997
2 07646  49.8231 165.8563 0205728 141.1856 220.4017 13.82301001100338
0 LAGEOS 1
1  8820U 76039A   16247.97440536 +.00000007 +00000-0 +00000-0 0  9998
2  8820 109.8554 035.3377 0044592 347.0642 007.0909 06.38664848685254
0 EGS (AJISAI)
1 16908U 86061A   16248.56059137 -.00000081  00000-0  11618-3 0  9992
2 16908  50.0111 332.8040 0011471  87.5945  42.8503 12.44484023 35873
0 LAGEOS 2
1 22195U 92070B   16247.86872745 -.00000009  00000-0  00000+0 0  9993
2 22195  52.6757   5.0135 0137765  64.8697 308.9231  6.47293711564298
0 STELLA
1 22824U 93061B   16249.19621400 -.00000040  00000-0  20902-5 0  9995
2 22824  98.7734 198.2625 0006940 147.1590 326.8921 14.27364488195358
0 GRACE 1
1 27391U 02012A   16248.55650615  .00017985  00000-0  14018-3 0  9998
2 27391  89.0001   2.3893 0008652 114.7498 312.3322 15.71518922812493
0 GRACE 2
1 27392U 02012B   16248.79971258  .00018018  00000-0  14039-3 0  9995
2 27392  89.0008   2.4492 0008661 113.9015 246.3166 15.71526827812522
0 LARES
1 38077U 12006A   16249.11391573 -.00000022  00000-0  10000-3 0  9995
2 38077  69.4903 273.6722 0009523 188.8441 171.2418 12.54930957209000
