0 COSMOS 2419 (GLONASS)
1 28915U 05050A   16246.23125645 -.00000000  00000-0  00000+0 0  9992
2 28915  65.3535  75.5635 0015051 359.4247 206.2801  2.13106604 83194
0 COSMOS 2425 (GLONASS)
1 29670U 06062A   16248.86737248 -.00000038  00000-0  10000-3 0  9990
2 29670  65.5965 314.4776 0019841 341.5539 142.4564  2.13104944 75452
0 COSMOS 2426 (GLONASS)
1 29671U 06062B   16248.10604655 -.00000036  00000-0  10000-3 0  9991
2 29671  65.6143 314.5863 0018782 168.9874 311.2906  2.13102932 75446
0 COSMOS 2424 (GLONASS)
1 29672U 06062C   16247.86104534 -.00000035  00000-0  10000-3 0  9994
2 29672  65.5991 314.5208 0018109 168.1267 300.3440  2.13102380 75439
0 COSMOS 2433 (GLONASS)
1 32275U 07052A   16248.45422890 -.00000007  00000-0  10000-3 0  9990
2 32275  65.3732  75.2602 0000613 209.5595 149.5808  2.13104739 68957
0 COSMOS 2432 (GLONASS)
1 32276U 07052B   16248.74818039 -.00000007  00000-0  10000-3 0  9997
2 32276  65.3848  75.3173 0010631 347.5812 190.7224  2.13104139 68961
0 COSMOS 2434 (GLONASS)
1 32393U 07065A   16247.77914062 -.00000035 +00000-0 +00000-0 0  9993
2 32393 065.2142 313.7990 0004358 138.0015 314.6947 02.13102918067657
0 COSMOS 2434 (GLONASS)
1 32393U 07065A   16248.57659096 -.00000037  00000-0  00000+0 0  9996
2 32393  65.2138 313.7717 0004351 138.2203 206.2527  2.13102910 67666
0 COSMOS 2436 (GLONASS)
1 32395U 07065C   16248.45687375 -.00000037  00000-0  10000-3 0  9991
2 32395  65.2270 313.8200 0015175 349.8112 354.8409  2.13102916 67595
0 COSMOS 2443 (GLONASS)
1 33379U 08046B   16248.70913418 -.00000008  00000-0  10000-3 0  9990
2 33379  65.3043  74.6601 0017039 179.7555 279.0173  2.13101107 61834
0 COSMOS 2456 (GLONASS)
1 36111U 09070A   16248.02858976  .00000013  00000-0  00000+0 0  9997
2 36111  64.1824 193.3646 0005887 301.0928 152.8764  2.13102949 52328
0 COSMOS 2457 (GLONASS)
1 36112U 09070B   16248.45195693  .00000017  00000-0  00000+0 0  9999
2 36112  64.1650 193.2756 0006571 184.3490   4.3016  2.13101693 52331
0 COSMOS 2458 (GLONASS)
1 36113U 09070C   16248.67196582  .00000019  00000-0  10000-3 0  9999
2 36113  64.1702 193.2742 0002144 301.6694 103.3824  2.13101890 52344
0 COSMOS 2459 (GLONASS)
1 36400U 10007A   16249.31660903 -.00000006  00000-0  10000-3 0  9992
2 36400  65.2830  74.3723 0027521 357.5887 167.8120  2.13102257 50705
0 COSMOS 2461 (GLONASS)
1 36401U 10007B   16248.81104383 -.00000008  00000-0  10000-3 0  9994
2 36401  65.2751  74.3692 0008493  77.0316 331.1131  2.13102337 50696
0 COSMOS 2460 (GLONASS)
1 36402U 10007C   16249.17196420 -.00000007  00000-0  10000-3 0  9997
2 36402  65.2658  74.3342 0002320  94.1790 272.5604  2.13101829 50704
0 COSMOS 2465 (GLONASS)
1 37138U 10041B   16248.65693359 -.00000039  00000-0  00000+0 0  9997
2 37138  64.8140 313.9023 0036989 173.3315 275.8390  2.13103351 46762
0 COSMOS 2464 (GLONASS)
1 37139U 10041C   16249.24466940 -.00000040  00000-0  00000+0 0  9990
2 37139  64.8205 313.8780 0020678  10.9215 353.7786  2.13102638 46781
0 COSMOS 2471 (GLONASS)
1 37372U 11009A   16248.23046744 -.00000008  00000-0  00000+0 0  9992
2 37372  65.2608  74.3142 0006645 224.5916 272.7198  2.13102787 42959
0 COSMOS 2474 (GLONASS)
1 37829U 11055A   16248.65800490  .00000020  00000-0  00000+0 0  9995
2 37829  64.5065 193.7888 0010066 253.7970 184.1046  2.13101926 38333
0 COSMOS 2476 (GLONASS)
1 37867U 11064A   16248.51611071  .00000018  00000-0  00000+0 0  9994
2 37867  64.4864 193.8720 0019019 247.8251 127.0841  2.13101988 37684
0 COSMOS 2477 (GLONASS)
1 37868U 11064B   16248.45096553  .00000018  00000-0  00000+0 0  9990
2 37868  64.4954 193.9162 0017018 249.2111 254.9902  2.13101907 37638
0 COSMOS 2475 (GLONASS)
1 37869U 11064C   16248.44559221  .00000018  00000-0  00000+0 0  9996
2 37869  64.5026 193.9041 0022317 273.5890 182.6808  2.13102196 37642
0 COSMOS 2485 (GLONASS)
1 39155U 13019A   16248.57422522  .00000019  00000-0  00000+0 0  9996
2 39155  64.6563 193.8384 0019294 242.7725 221.8312  2.13102080 26155
0 COSMOS 2492 (GLONASS)
1 39620U 14012A   16248.80027130 -.00000008  00000-0  10000-3 0  9993
2 39620  65.1565  74.3233 0013958 340.0250 331.4424  2.13103389 19104
0 COSMOS 2500 (GLONASS)
1 40001U 14032A   16249.05124271 -.00000007  00000-0  00000+0 0  9996
2 40001  65.0970  74.3338 0005638 184.1921 183.4361  2.13102924 17334
0 COSMOS 2501 (GLONASS)
1 40315U 14075A   16248.45007288 -.00000040  00000-0  00000+0 0  9999
2 40315  64.5859 315.3383 0018835 232.1066 195.1997  2.13101682 13721
0 COSMOS 2514 (GLONASS)
1 41330U 16008A   16248.54244013 -.00000009  00000-0  00000+0 0  9999
2 41330  64.8947  74.5660 0008328 202.0952 314.4336  2.13103486  4488
0 COSMOS 2516 (GLONASS)
1 41554U 16032A   16249.48146337 -.00000042  00000-0  00000+0 0  9995
2 41554  64.7664 314.9976 0013409 220.9654 190.2798  2.13101512  2114
